30
gi|3036603588|gb|PX070374.1| 0.0000000 0.0325731 0.0045219 0.0364310 0.0136870 0.0491216 0.0354995 0.0482855 0.0483405 0.0423153 0.0325385 0.0365028 0.0335043 0.0384286 0.0335360 0.0462574 0.0413492 0.0402895 0.0413112 0.0482053 0.0393441 0.0471854 0.0562351 0.0502622 0.0433838 0.0383726 0.0383859 0.0422246 0.0315810 0.0501630 
gi|3032643902|gb|PV955071.1| 0.0325731 0.0000000 0.0297056 0.0268833 0.0335328 0.0403292 0.0345596 0.0394787 0.0395232 0.0336112 0.0109407 0.0355620 0.0230672 0.0278739 0.0230886 0.0345695 0.0307267 0.0316467 0.0287923 0.0394145 0.0287883 0.0364649 0.0473125 0.0394591 0.0346455 0.0278344 0.0278436 0.0335407 0.0211805 0.0413467 
gi|3031243661|gb|PV992699.1| 0.0045219 0.0297056 0.0000000 0.0335412 0.0109225 0.0461657 0.0326117 0.0453245 0.0453759 0.0393903 0.0296743 0.0336072 0.0306331 0.0355237 0.0306620 0.0433130 0.0384286 0.0373829 0.0383937 0.0452498 0.0364406 0.0442374 0.0552564 0.0472937 0.0404491 0.0354716 0.0354836 0.0393059 0.0287202 0.0472010 
gi|3030023800|gb|PV982268.1| 0.0364310 0.0268833 0.0335412 0.0000000 0.0393500 0.0422731 0.0364859 0.0414243 0.0414714 0.0355348 0.0278102 0.0374930 0.0277853 0.0317067 0.0259157 0.0374734 0.0345782 0.0335629 0.0365080 0.0413573 0.0345605 0.0403533 0.0482421 0.0413689 0.0365785 0.0335939 0.0297466 0.0335394 0.0258824 0.0452761 
gi|3018823979|gb|PV893137.1| 0.0136870 0.0335328 0.0109225 0.0393500 0.0000000 0.0481168 0.0384157 0.0473027 0.0473564 0.0432936 0.0334971 0.0394290 0.0325490 0.0394005 0.0344977 0.0452790 0.0423261 0.0412625 0.0422871 0.0491939 0.0403165 0.0481715 0.0592755 0.0512560 0.0443661 0.0393424 0.0374036 0.0432006 0.0306295 0.0531630 
gi|2998738717|gb|PV658278.1| 0.0491216 0.0403292 0.0461657 0.0422731 0.0481168 0.0000000 0.0531833 0.0364838 0.0365244 0.0306640 0.0402845 0.0542403 0.0412660 0.0423274 0.0413061 0.0345169 0.0297179 0.0441952 0.0492045 0.0364254 0.0472066 0.0354364 0.0462438 0.0384193 0.0316876 0.0462173 0.0403154 0.0306017 0.0393122 0.0403017 
gi|2998738703|gb|PV658277.1| 0.0354995 0.0345596 0.0326117 0.0364859 0.0384157 0.0531833 0.0000000 0.0523529 0.0524128 0.0463216 0.0345229 0.0000010 0.0335545 0.0404502 0.0355267 0.0503042 0.0453479 0.0423192 0.0433467 0.0522648 0.0413703 0.0512326 0.0572885 0.0513226 0.0474112 0.0403907 0.0384435 0.0442622 0.0335584 0.0542690 
gi|2998738689|gb|PV658276.1| 0.0482855 0.0394787 0.0453245 0.0414243 0.0473027 0.0364838 0.0523529 0.0000000 0.0000010 0.0288383 0.0394357 0.0534108 0.0384699 0.0434540 0.0404520 0.0336564 0.0288503 0.0453323 0.0463683 0.0355685 0.0443983 0.0345787 0.0434378 0.0375629 0.0308213 0.0453731 0.0414309 0.0297375 0.0365207 0.0394508 
gi|2998738674|gb|PV658275.1| 0.0483405 0.0395232 0.0453759 0.0414714 0.0473564 0.0365244 0.0524128 0.0000010 0.0000000 0.0288705 0.0394803 0.0534720 0.0385135 0.0435033 0.0404969 0.0336942 0.0288826 0.0453837 0.0464211 0.0356085 0.0444487 0.0346175 0.0434871 0.0376051 0.0308559 0.0454246 0.0414780 0.0297707 0.0365617 0.0394953 
gi|2998738660|gb|PV658274.1| 0.0423153 0.0336112 0.0393903 0.0355348 0.0432936 0.0306640 0.0463216 0.0288383 0.0288705 0.0000000 0.0335738 0.0473596 0.0345435 0.0375312 0.0345762 0.0278599 0.0231123 0.0393970 0.0423858 0.0278479 0.0404120 0.0268785 0.0375159 0.0317153 0.0250492 0.0394340 0.0355403 0.0240024 0.0326120 0.0316706 
gi|2998738646|gb|PV658273.1| 0.0325385 0.0109407 0.0296743 0.0278102 0.0334971 0.0402845 0.0345229 0.0394357 0.0394803 0.0335738 0.0000000 0.0355238 0.0230433 0.0278446 0.0230647 0.0355024 0.0306942 0.0316131 0.0306814 0.0393715 0.0287580 0.0364260 0.0472600 0.0374787 0.0346083 0.0278052 0.0278143 0.0335050 0.0211587 0.0413016 
gi|2998738632|gb|PV658272.1| 0.0365028 0.0355620 0.0336072 0.0374930 0.0394290 0.0542403 0.0000010 0.0534108 0.0534720 0.0473596 0.0355238 0.0000000 0.0345518 0.0414709 0.0365315 0.0513546 0.0463833 0.0433436 0.0443753 0.0533206 0.0423925 0.0522845 0.0572859 0.0523767 0.0484548 0.0414092 0.0394576 0.0452919 0.0345558 0.0553310 
gi|2995379170|gb|PV695981.1| 0.0335043 0.0230672 0.0306331 0.0277853 0.0325490 0.0412660 0.0335545 0.0384699 0.0385135 0.0345435 0.0230433 0.0345518 0.0000000 0.0268868 0.0183539 0.0384283 0.0316570 0.0306528 0.0297204 0.0403511 0.0259078 0.0393513 0.0502560 0.0403959 0.0355822 0.0268503 0.0268591 0.0344712 0.0072635 0.0442596 
gi|2995379169|gb|PV695980.1| 0.0384286 0.0278739 0.0355237 0.0317067 0.0394005 0.0423274 0.0404502 0.0434540 0.0435033 0.0375312 0.0278446 0.0414709 0.0268868 0.0000000 0.0307522 0.0375208 0.0307493 0.0184024 0.0365550 0.0433850 0.0346041 0.0404054 0.0513605 0.0394913 0.0366251 0.0336362 0.0146797 0.0355038 0.0288042 0.0453348 
gi|2995379168|gb|PV695979.1| 0.0335360 0.0230886 0.0306620 0.0259157 0.0344977 0.0413061 0.0355267 0.0404520 0.0404969 0.0345762 0.0230647 0.0365315 0.0183539 0.0307522 0.0000000 0.0384657 0.0336214 0.0326092 0.0316738 0.0403903 0.0297459 0.0393893 0.0483279 0.0424059 0.0356161 0.0287887 0.0287982 0.0345039 0.0164864 0.0443029 
gi|2995379167|gb|PV695978.1| 0.0462574 0.0345695 0.0433130 0.0374734 0.0452790 0.0345169 0.0503042 0.0336564 0.0336942 0.0278599 0.0355024 0.0513546 0.0384283 0.0375208 0.0384657 0.0000000 0.0137048 0.0433180 0.0463377 0.0336026 0.0443448 0.0306906 0.0414090 0.0259009 0.0174539 0.0433613 0.0394367 0.0258951 0.0364817 0.0355167 
gi|2995379166|gb|PV695977.1| 0.0413492 0.0307267 0.0384286 0.0345782 0.0423261 0.0297179 0.0453479 0.0288503 0.0288826 0.0231123 0.0306942 0.0463833 0.0316570 0.0307493 0.0336214 0.0137048 0.0000000 0.0384353 0.0394515 0.0288048 0.0374898 0.0259235 0.0365376 0.0230714 0.0128042 0.0365166 0.0345835 0.0211762 0.0316607 0.0307055 
gi|2995379165|gb|PV695976.1| 0.0402895 0.0316467 0.0373829 0.0335629 0.0412625 0.0441952 0.0423192 0.0453323 0.0453837 0.0393970 0.0316131 0.0433436 0.0306528 0.0184024 0.0326092 0.0433180 0.0384353 0.0000000 0.0403775 0.0452576 0.0384132 0.0442450 0.0552629 0.0453103 0.0404539 0.0374420 0.0146467 0.0393127 0.0306563 0.0472065 
gi|2995379164|gb|PV695975.1| 0.0413112 0.0287923 0.0383937 0.0365080 0.0422871 0.0492045 0.0433467 0.0463683 0.0464211 0.0423858 0.0306814 0.0443753 0.0297204 0.0365550 0.0316738 0.0463377 0.0394515 0.0403775 0.0000000 0.0482866 0.0146274 0.0472647 0.0583711 0.0503450 0.0434543 0.0118495 0.0365136 0.0422948 0.0297238 0.0522591 
gi|2995379163|gb|PV695974.1| 0.0482053 0.0394145 0.0452498 0.0413573 0.0491939 0.0364254 0.0522648 0.0355685 0.0356085 0.0278479 0.0393715 0.0533206 0.0403511 0.0433850 0.0403903 0.0336026 0.0288048 0.0452576 0.0482866 0.0000000 0.0462894 0.0063481 0.0165119 0.0355534 0.0298083 0.0453004 0.0413638 0.0296906 0.0383970 0.0090945 
gi|2995379162|gb|PV695973.1| 0.0393441 0.0287883 0.0364406 0.0345605 0.0403165 0.0472066 0.0413703 0.0443983 0.0444487 0.0404120 0.0287580 0.0423925 0.0259078 0.0346041 0.0297459 0.0443448 0.0374898 0.0384132 0.0146274 0.0462894 0.0000000 0.0452732 0.0563259 0.0483337 0.0414697 0.0118485 0.0345658 0.0403260 0.0259107 0.0502429 
gi|2995379161|gb|PV695972.1| 0.0471854 0.0364649 0.0442374 0.0403533 0.0481715 0.0354364 0.0512326 0.0345787 0.0346175 0.0268785 0.0364260 0.0522845 0.0393513 0.0404054 0.0393893 0.0306906 0.0259235 0.0442450 0.0472647 0.0063481 0.0452732 0.0000000 0.0155712 0.0326274 0.0288323 0.0442867 0.0403597 0.0287188 0.0374027 0.0081730 
gi|2995379160|gb|PV695971.1| 0.0562351 0.0473125 0.0552564 0.0482421 0.0592755 0.0462438 0.0572885 0.0434378 0.0434871 0.0375159 0.0472600 0.0572859 0.0502560 0.0513605 0.0483279 0.0414090 0.0365376 0.0552629 0.0583711 0.0165119 0.0563259 0.0155712 0.0000000 0.0365351 0.0395299 0.0553195 0.0513013 0.0374361 0.0482621 0.0202493 
gi|2995379159|gb|PV695970.1| 0.0502622 0.0394591 0.0472937 0.0413689 0.0512560 0.0384193 0.0513226 0.0375629 0.0376051 0.0317153 0.0374787 0.0523767 0.0403959 0.0394913 0.0424059 0.0259009 0.0230714 0.0453103 0.0503450 0.0355534 0.0483337 0.0326274 0.0365351 0.0000000 0.0269086 0.0473420 0.0414138 0.0297253 0.0404007 0.0374748 
gi|2995379158|gb|PV695969.1| 0.0433838 0.0346455 0.0404491 0.0365785 0.0443661 0.0316876 0.0474112 0.0308213 0.0308559 0.0250492 0.0346083 0.0484548 0.0355822 0.0366251 0.0356161 0.0174539 0.0128042 0.0404539 0.0434543 0.0298083 0.0414697 0.0288323 0.0395299 0.0269086 0.0000000 0.0404900 0.0365842 0.0230981 0.0336429 0.0336499 
gi|2995379157|gb|PV695968.1| 0.0383726 0.0278344 0.0354716 0.0335939 0.0393424 0.0462173 0.0403907 0.0453731 0.0454246 0.0394340 0.0278052 0.0414092 0.0268503 0.0336362 0.0287887 0.0433613 0.0365166 0.0374420 0.0118495 0.0453004 0.0118485 0.0442867 0.0553195 0.0473420 0.0404900 0.0000000 0.0335991 0.0393496 0.0268533 0.0492493 
gi|2995379156|gb|PV695967.1| 0.0383859 0.0278436 0.0354836 0.0297466 0.0374036 0.0403154 0.0384435 0.0414309 0.0414780 0.0355403 0.0278143 0.0394576 0.0268591 0.0146797 0.0287982 0.0394367 0.0345835 0.0146467 0.0365136 0.0413638 0.0345658 0.0403597 0.0513013 0.0414138 0.0365842 0.0335991 0.0000000 0.0354649 0.0268621 0.0452833 
gi|2995379155|gb|PV695966.1| 0.0422246 0.0335407 0.0393059 0.0335394 0.0432006 0.0306017 0.0442622 0.0297375 0.0297707 0.0240024 0.0335050 0.0452919 0.0344712 0.0355038 0.0345039 0.0258951 0.0211762 0.0393127 0.0422948 0.0296906 0.0403260 0.0287188 0.0374361 0.0297253 0.0230981 0.0393496 0.0354649 0.0000000 0.0325432 0.0316046 
gi|2995379154|gb|PV695965.1| 0.0315810 0.0211805 0.0287202 0.0258824 0.0306295 0.0393122 0.0335584 0.0365207 0.0365617 0.0326120 0.0211587 0.0345558 0.0072635 0.0288042 0.0164864 0.0364817 0.0316607 0.0306563 0.0297238 0.0383970 0.0259107 0.0374027 0.0482621 0.0404007 0.0336429 0.0268533 0.0268621 0.0325432 0.0000000 0.0422917 
gi|2995379153|gb|PV695964.1| 0.0501630 0.0413467 0.0472010 0.0452761 0.0531630 0.0403017 0.0542690 0.0394508 0.0394953 0.0316706 0.0413016 0.0553310 0.0442596 0.0453348 0.0443029 0.0355167 0.0307055 0.0472065 0.0522591 0.0090945 0.0502429 0.0081730 0.0202493 0.0374748 0.0336499 0.0492493 0.0452833 0.0316046 0.0422917 0.0000000 
